2016 11 01 2016.835  12   1.4  27  33
2016 11 02 2016.837   0   0.0  30  37
2016 11 03 2016.840  29   5.9  31  34
2016 11 04 2016.843  27   2.3  19  23
2016 11 05 2016.846  26   3.0  23  28
2016 11 06 2016.848  23   3.9  20  24
2016 11 07 2016.851  12   2.0  22  30
2016 11 08 2016.854   0   0.0  22  27
2016 11 09 2016.857   7   6.5  17  19
2016 11 10 2016.859  27   7.0  30  34
2016 11 11 2016.862  30   5.9  37  43
2016 11 12 2016.865  14   2.7  26  33
2016 11 13 2016.867  38   6.5  24  29
2016 11 14 2016.870  33   5.4  17  17
2016 11 15 2016.873  29   5.2  18  20
2016 11 16 2016.876  27   7.5  25  28
2016 11 17 2016.878  31   3.9  27  31
2016 11 18 2016.881  31   3.9  24  27
2016 11 19 2016.884  15  13.2  26  26
2016 11 20 2016.887   7   5.8  24  26
2016 11 21 2016.889   0   0.0  15  17
2016 11 22 2016.892   0   0.0  17  17
